5741,17
6835,3
6929,4
5764,8
6317,6
9023,5
6588,2
7541,2
6447,06
5588,23
6847,06
7364,7
7435,3
6694,12
6870,9
8882,36
7164,7
6670,59
6941,17
6223,53
7176,47
5682,35
6729,4
8811,77
8941,18
9023,5
8470,59
6658,8
7341,18
6470,59
8541,18
7000
5200
6905,88
5611,77
6823,53
8870,6
4823,53
10294,12
3894,11
7670,59
6435,29
9411,77
7600
6047,06
10258,83
7694,12
8047,06
8870,59
6176,48
7564
7800
8400
6870,59
7776,47
8726,84
9388,24
10094,12
7682,35
8235,3
8082,35
10035,3
8600
8858,82
4941
8188,2
7164,7
6929,41
7670,59
7188,24
7588,24
7482,36
6270,59
7905,89
4623,53
7917,64
8781,21
8164,71
8082,36
8043,99
6435,3
7917,64
6717,65
7870,59
6729,41
8600
7352,94
8105,89
7505,88
7741,17
9058,83
6635,3
8082,35
8435,3
8223,53
8800
9752,95
8988
7988,24
6470
7129,41
8035,29
7305,88
7541,17
8635,29
7611,76
9411,77
8411,77
8635,3
9611,77
7835,29
8400
6576,43
6635,3
9058,8
6152,94
9635,29
8200
8729,41
6588,24
10000
8023,63
6235,3
6470,6
8011,77
8929,42
8388,24
11298,83
8517,65
6423,5
6458,82
5082,39
7929
8517,65
10635,3
9479,59
7576,47
8423,53
6941,18
6752,94
5482,35
10305,89
9419,76
8447,06
8505,88
9353,95
7847,06
8317
7011,77
9917,65
8964,7
9976,47
10335,3
7011,77
9788,23
6032
7247,06
7882,36
10600
9729,42
6117,64
8682,36
8317,65
7400
6729,41
5388,24
7317,64
9117,65
6811,76
6914,64
8811,76
7211,76
7988,23
10023,53
10152
9305,88
7647,06
7364,71
8305,89
7812
7188,23
8105,91
7376,47
7329,41
4388,23
7564,7
7164,71
8682,35
8826,74
12070
10235,3
8094,12
8200
8694,12
7811,77
8082,36
7023,53
7635,3
8141,18
10035,3
9682,35
7788,24
8988,24
6941,17
10117,65
8717,65
8905,89
5741,18
8082,36
8270,59
8929,41
7400,29
6717,65
